1.000000 0.978000 0.959000 0.937000 0.984000 0.940000 0.957000 0.979000 0.951000 0.963000 0.970000 0.965000 0.954000 
0.000000 1.000000 0.975000 0.955000 0.991000 0.958000 0.979000 0.992000 0.945000 0.943000 0.964000 0.982000 0.945000 
0.000000 0.000000 1.000000 0.978000 0.966000 0.981000 0.994000 0.978000 0.920000 0.924000 0.939000 0.989000 0.923000 
0.000000 0.000000 0.000000 1.000000 0.946000 0.996000 0.976000 0.956000 0.900000 0.902000 0.919000 0.968000 0.903000 
0.000000 0.000000 0.000000 0.000000 1.000000 0.949000 0.970000 0.986000 0.954000 0.952000 0.973000 0.973000 0.954000 
0.000000 0.000000 0.000000 0.000000 0.000000 1.000000 0.979000 0.959000 0.903000 0.905000 0.922000 0.972000 0.906000 
0.000000 0.000000 0.000000 0.000000 0.000000 0.000000 1.000000 0.976000 0.924000 0.922000 0.943000 0.990000 0.924000 
0.000000 0.000000 0.000000 0.000000 0.000000 0.000000 0.000000 1.000000 0.940000 0.946000 0.959000 0.984000 0.943000 
0.000000 0.000000 0.000000 0.000000 0.000000 0.000000 0.000000 0.000000 1.000000 0.968000 0.981000 0.927000 0.997000 
0.000000 0.000000 0.000000 0.000000 0.000000 0.000000 0.000000 0.000000 0.000000 1.000000 0.968000 0.932000 0.971000 
0.000000 0.000000 0.000000 0.000000 0.000000 0.000000 0.000000 0.000000 0.000000 0.000000 1.000000 0.946000 0.981000 
0.000000 0.000000 0.000000 0.000000 0.000000 0.000000 0.000000 0.000000 0.000000 0.000000 0.000000 1.000000 0.929000 
0.000000 0.000000 0.000000 0.000000 0.000000 0.000000 0.000000 0.000000 0.000000 0.000000 0.000000 0.000000 1.000000 
