1.000000 0.203412 0.154981 0.145562 0.110552 0.154176 0.124728 0.127205 0.127595 0.164236 0.122783 
0.000000 1.000000 0.320526 0.323710 0.117951 0.296351 0.251722 0.259017 0.118334 0.299927 0.242948 
0.000000 0.000000 1.000000 0.378305 0.124538 0.324952 0.311962 0.313881 0.129892 0.303382 0.286727 
0.000000 0.000000 0.000000 1.000000 0.126395 0.306408 0.295326 0.311177 0.129806 0.291954 0.272573 
0.000000 0.000000 0.000000 0.000000 1.000000 0.133786 0.112229 0.112769 0.223013 0.126308 0.115905 
0.000000 0.000000 0.000000 0.000000 0.000000 1.000000 0.316616 0.308843 0.130000 0.384355 0.307660 
0.000000 0.000000 0.000000 0.000000 0.000000 0.000000 1.000000 0.320791 0.113447 0.295388 0.341928 
0.000000 0.000000 0.000000 0.000000 0.000000 0.000000 0.000000 1.000000 0.109872 0.297586 0.310298 
0.000000 0.000000 0.000000 0.000000 0.000000 0.000000 0.000000 0.000000 1.000000 0.136427 0.114414 
0.000000 0.000000 0.000000 0.000000 0.000000 0.000000 0.000000 0.000000 0.000000 1.000000 0.291784 
0.000000 0.000000 0.000000 0.000000 0.000000 0.000000 0.000000 0.000000 0.000000 0.000000 1.000000 
