1.000000 0.069659 0.131300 0.117099 0.096908 0.108508 0.095167 0.095798 0.093171 0.089896 0.097572 
0.000000 1.000000 0.075946 0.070868 0.117339 0.080798 0.150122 0.077789 0.171990 0.047678 0.154425 
0.000000 0.000000 1.000000 0.128717 0.113981 0.107695 0.088005 0.097013 0.101571 0.107096 0.100772 
0.000000 0.000000 0.000000 1.000000 0.101623 0.133920 0.092480 0.104586 0.092427 0.089230 0.091211 
0.000000 0.000000 0.000000 0.000000 1.000000 0.097765 0.105436 0.108599 0.132201 0.100889 0.119430 
0.000000 0.000000 0.000000 0.000000 0.000000 1.000000 0.093882 0.114823 0.089409 0.113455 0.110510 
0.000000 0.000000 0.000000 0.000000 0.000000 0.000000 1.000000 0.085088 0.184931 0.057013 0.158369 
0.000000 0.000000 0.000000 0.000000 0.000000 0.000000 0.000000 1.000000 0.088953 0.108090 0.094853 
0.000000 0.000000 0.000000 0.000000 0.000000 0.000000 0.000000 0.000000 1.000000 0.065465 0.194412 
0.000000 0.000000 0.000000 0.000000 0.000000 0.000000 0.000000 0.000000 0.000000 1.000000 0.065549 
0.000000 0.000000 0.000000 0.000000 0.000000 0.000000 0.000000 0.000000 0.000000 0.000000 1.000000 
