1.000000 0.074734 0.141062 0.117877 0.111753 0.117141 0.085677 0.102385 0.084779 0.093866 0.085135 
0.000000 1.000000 0.067184 0.073431 0.097975 0.069790 0.124502 0.075125 0.148294 0.050947 0.150372 
0.000000 0.000000 1.000000 0.135178 0.110558 0.118603 0.095965 0.109104 0.093911 0.101178 0.111401 
0.000000 0.000000 0.000000 1.000000 0.118414 0.131148 0.088225 0.105707 0.091839 0.083106 0.109430 
0.000000 0.000000 0.000000 0.000000 1.000000 0.105609 0.093916 0.105567 0.126679 0.096597 0.133737 
0.000000 0.000000 0.000000 0.000000 0.000000 1.000000 0.080941 0.119826 0.085116 0.120749 0.113965 
0.000000 0.000000 0.000000 0.000000 0.000000 0.000000 1.000000 0.075399 0.170644 0.059230 0.161829 
0.000000 0.000000 0.000000 0.000000 0.000000 0.000000 0.000000 1.000000 0.106646 0.117326 0.114761 
0.000000 0.000000 0.000000 0.000000 0.000000 0.000000 0.000000 0.000000 1.000000 0.073198 0.185423 
0.000000 0.000000 0.000000 0.000000 0.000000 0.000000 0.000000 0.000000 0.000000 1.000000 0.068722 
0.000000 0.000000 0.000000 0.000000 0.000000 0.000000 0.000000 0.000000 0.000000 0.000000 1.000000 
