1.000000 0.960000 0.951000 0.936000 0.973000 0.941000 0.943000 0.977815 0.953000 0.964771 0.976000 0.958000 0.960000 
0.000000 1.000000 0.982000 0.965000 0.986000 0.966000 0.980000 0.981138 0.937000 0.932692 0.969000 0.992000 0.942000 
0.000000 0.000000 1.000000 0.982000 0.968000 0.984000 0.992000 0.972138 0.919000 0.923692 0.951000 0.986000 0.926000 
0.000000 0.000000 0.000000 1.000000 0.951000 0.995000 0.985000 0.957138 0.902000 0.908692 0.934000 0.968000 0.909000 
0.000000 0.000000 0.000000 0.000000 1.000000 0.952000 0.966000 0.983939 0.950000 0.945692 0.982000 0.978000 0.955000 
0.000000 0.000000 0.000000 0.000000 0.000000 1.000000 0.986000 0.961151 0.903000 0.910771 0.935000 0.970000 0.910000 
0.000000 0.000000 0.000000 0.000000 0.000000 0.000000 1.000000 0.964138 0.917000 0.915692 0.949000 0.982000 0.923000 
0.000000 0.000000 0.000000 0.000000 0.000000 0.000000 0.000000 1.000000 0.940800 0.949620 0.972800 0.975140 0.947800 
0.000000 0.000000 0.000000 0.000000 0.000000 0.000000 0.000000 0.000000 1.000000 0.972956 0.968000 0.929000 0.993000 
0.000000 0.000000 0.000000 0.000000 0.000000 0.000000 0.000000 0.000000 0.000000 1.000000 0.963692 0.930692 0.974956 
0.000000 0.000000 0.000000 0.000000 0.000000 0.000000 0.000000 0.000000 0.000000 0.000000 1.000000 0.961000 0.973000 
0.000000 0.000000 0.000000 0.000000 0.000000 0.000000 0.000000 0.000000 0.000000 0.000000 0.000000 1.000000 0.935000 
0.000000 0.000000 0.000000 0.000000 0.000000 0.000000 0.000000 0.000000 0.000000 0.000000 0.000000 0.000000 1.000000 
