1.000000 0.942000 0.983000 0.979000 0.939000 0.955000 0.958000 0.990000 0.936000 0.978000 0.936000 0.976000 0.937000 
0.000000 1.000000 0.940000 0.936000 0.993000 0.910000 0.984000 0.945000 0.990000 0.941000 0.990000 0.959000 0.990000 
0.000000 0.000000 1.000000 0.991000 0.937000 0.964000 0.956000 0.985000 0.934000 0.973000 0.934000 0.970000 0.935000 
0.000000 0.000000 0.000000 1.000000 0.931000 0.972000 0.952000 0.983000 0.928000 0.969000 0.928000 0.965000 0.930000 
0.000000 0.000000 0.000000 0.000000 1.000000 0.903000 0.979000 0.938000 0.996000 0.937000 0.996000 0.953000 0.995000 
0.000000 0.000000 0.000000 0.000000 0.000000 1.000000 0.924000 0.963000 0.900000 0.942000 0.900000 0.943000 0.902000 
0.000000 0.000000 0.000000 0.000000 0.000000 0.000000 1.000000 0.959000 0.976000 0.957000 0.976000 0.970000 0.977000 
0.000000 0.000000 0.000000 0.000000 0.000000 0.000000 0.000000 1.000000 0.935000 0.977000 0.935000 0.977000 0.937000 
0.000000 0.000000 0.000000 0.000000 0.000000 0.000000 0.000000 0.000000 1.000000 0.934000 1.000000 0.949000 0.997000 
0.000000 0.000000 0.000000 0.000000 0.000000 0.000000 0.000000 0.000000 0.000000 1.000000 0.934000 0.970000 0.936000 
0.000000 0.000000 0.000000 0.000000 0.000000 0.000000 0.000000 0.000000 0.000000 0.000000 1.000000 0.949000 0.997000 
0.000000 0.000000 0.000000 0.000000 0.000000 0.000000 0.000000 0.000000 0.000000 0.000000 0.000000 1.000000 0.950000 
0.000000 0.000000 0.000000 0.000000 0.000000 0.000000 0.000000 0.000000 0.000000 0.000000 0.000000 0.000000 1.000000 
