1.000000 0.064748 0.140652 0.124878 0.115815 0.105380 0.093407 0.113612 0.090972 0.107329 0.090906 
0.000000 1.000000 0.067432 0.076758 0.103158 0.068147 0.148365 0.074098 0.163891 0.058850 0.146307 
0.000000 0.000000 1.000000 0.130319 0.098825 0.111055 0.100730 0.107971 0.089564 0.104798 0.110786 
0.000000 0.000000 0.000000 1.000000 0.110291 0.124955 0.099881 0.097761 0.098222 0.075926 0.093614 
0.000000 0.000000 0.000000 0.000000 1.000000 0.098894 0.102540 0.102864 0.122216 0.096331 0.111849 
0.000000 0.000000 0.000000 0.000000 0.000000 1.000000 0.104719 0.116755 0.082019 0.105014 0.108963 
0.000000 0.000000 0.000000 0.000000 0.000000 0.000000 1.000000 0.094737 0.187003 0.067033 0.173113 
0.000000 0.000000 0.000000 0.000000 0.000000 0.000000 0.000000 1.000000 0.089816 0.125748 0.096126 
0.000000 0.000000 0.000000 0.000000 0.000000 0.000000 0.000000 0.000000 1.000000 0.087103 0.186219 
0.000000 0.000000 0.000000 0.000000 0.000000 0.000000 0.000000 0.000000 0.000000 1.000000 0.072969 
0.000000 0.000000 0.000000 0.000000 0.000000 0.000000 0.000000 0.000000 0.000000 0.000000 1.000000 
