1.000000 0.061715 0.132768 0.119068 0.106074 0.100701 0.079967 0.092362 0.093993 0.095234 0.099489 
0.000000 1.000000 0.077877 0.080666 0.109837 0.079651 0.153019 0.065650 0.168532 0.064777 0.141840 
0.000000 0.000000 1.000000 0.137759 0.111147 0.125385 0.097847 0.105414 0.095061 0.091353 0.121054 
0.000000 0.000000 0.000000 1.000000 0.118366 0.116654 0.090045 0.096223 0.104787 0.108014 0.100156 
0.000000 0.000000 0.000000 0.000000 1.000000 0.106870 0.099297 0.115812 0.134890 0.092305 0.127735 
0.000000 0.000000 0.000000 0.000000 0.000000 1.000000 0.092540 0.129289 0.084321 0.101379 0.103039 
0.000000 0.000000 0.000000 0.000000 0.000000 0.000000 1.000000 0.078719 0.188721 0.054306 0.156394 
0.000000 0.000000 0.000000 0.000000 0.000000 0.000000 0.000000 1.000000 0.089793 0.108300 0.096016 
0.000000 0.000000 0.000000 0.000000 0.000000 0.000000 0.000000 0.000000 1.000000 0.069032 0.189905 
0.000000 0.000000 0.000000 0.000000 0.000000 0.000000 0.000000 0.000000 0.000000 1.000000 0.069385 
0.000000 0.000000 0.000000 0.000000 0.000000 0.000000 0.000000 0.000000 0.000000 0.000000 1.000000 
